 % Spectral simulation Chan180_S2
 % 
 % Paper: "Comparison of DNS databases of turbulent channel flow
 %         at Re_tau=180" by A.W. Vreman and J.G.M. Kuerten
 % 
 % Parameters:     H=1; nu=1/180; forcing=1
 % Domain:         4pi x  2  x 4pi/3
 % Resolution:     384 x 193 x 192
 % Averaging time: 200
 % Computed u_tau: 0.99990
 % 
 % Creation date of this datafile: 22nd December 2013
 % 
 % Description of columns:
 % Column  1:  y+ (=180*y)
 % Column  2:  <p>
 % Column  3:  rms(p)  (=sqrt(<p'p'>)
 % Column  4:  <p'u'>
 % Column  5:  <p'v'>
 % Column  6:  <p'w'>
 % Column  7:  <p' du'/dx>
 % Column  8:  <p' dv'/dy>
 % Column  9:  <p' dw'/dz>
 % Column 10:  <p'p'p'>
 % Column 11:  <p'p'p'p'>
  0.00000000000E+00  0.11416492660E-17  0.15432867931E+01  0.76682051711E-17  0.11727170577E-17 -0.34436624472E-17  0.16114718892E-15 -0.72378071755E-17 -0.15505823923E-15 -0.32719264263E+00  0.29905518520E+02
  0.24095176279E-01 -0.26215181156E-10  0.15431140879E+01  0.12732626210E-02 -0.32189464690E-05 -0.48392964603E-05  0.71945985525E-02 -0.47959387361E-01  0.40764788808E-01 -0.32687985504E+00  0.29887949221E+02
  0.96374254253E-01 -0.65694994877E-08  0.15426140517E+01  0.50782533999E-02 -0.50541161493E-04 -0.19348830015E-04  0.27227866550E-01 -0.18668723676E+00  0.15945937021E+00 -0.32600034450E+00  0.29837379459E+02
  0.21681788307E+00 -0.16278426098E-06  0.15418407055E+01  0.11357012731E-01 -0.24797216000E-03 -0.43475122626E-04  0.55609539024E-01 -0.40139255245E+00  0.34578301342E+00 -0.32473084606E+00  0.29760170651E+02
  0.38539381705E+00 -0.15514349271E-05  0.15408834512E+01  0.19961275270E-01 -0.75024397403E-03 -0.77040191631E-04  0.85395698378E-01 -0.66956005922E+00  0.58416436084E+00 -0.32337349238E+00  0.29666790204E+02
  0.60205692435E+00 -0.87098664821E-05  0.15398663354E+01  0.30593615434E-01 -0.17324400723E-02 -0.11964774285E-03  0.10797700060E+00 -0.96391538027E+00  0.85593837967E+00 -0.32238560607E+00  0.29571718036E+02
  0.86674919900E+00 -0.34834046126E-04  0.15389471238E+01  0.42760926970E-01 -0.33585525879E-02 -0.17063378894E-03  0.11409442743E+00 -0.12560425524E+01  0.11419481250E+01 -0.32244128247E+00  0.29493431518E+02
  0.11793997765E+01 -0.10986809656E-03  0.15383157567E+01  0.55757569902E-01 -0.57533376625E-02 -0.22910203974E-03  0.94938364398E-01 -0.15200729097E+01  0.14251345453E+01 -0.32451836203E+00  0.29454434269E+02
  0.15399249527E+01 -0.29047108600E-03  0.15381912979E+01  0.68693092631E-01 -0.89830090951E-02 -0.29405178789E-03  0.43142952764E-01 -0.17357835738E+01  0.16926406210E+01 -0.32998894758E+00  0.29481223937E+02
  0.19482282063E+01 -0.66975929726E-03  0.15388163006E+01  0.80566225915E-01 -0.13048045769E-01 -0.36450528221E-03 -0.46493146949E-01 -0.18905312001E+01  0.19370243471E+01 -0.34068732738E+00  0.29604104848E+02
  0.24042002247E+01 -0.13842528385E-02  0.15404478052E+01  0.90375650962E-01 -0.17888242800E-01 -0.43952179444E-03 -0.17664642418E+00 -0.19797098351E+01  0.21563562593E+01 -0.35893800096E+00  0.29856834895E+02
  0.29077189331E+01 -0.26158590095E-02  0.15433449336E+01  0.97251230664E-01 -0.23397044598E-01 -0.51798136760E-03 -0.34745359425E+00 -0.20057767174E+01  0.23532303116E+01 -0.38754053722E+00  0.30276168789E+02
  0.34586495274E+01 -0.45878655427E-02  0.15477539539E+01  0.10058753172E+00 -0.29440096575E-01 -0.59819648996E-03 -0.55675824243E+00 -0.19762132704E+01  0.25329715128E+01 -0.42971634258E+00  0.30901335856E+02
  0.40568445102E+01 -0.75553630388E-02  0.15538924011E+01  0.10016095994E+00 -0.35872439568E-01 -0.67747436569E-03 -0.80051769039E+00 -0.19009868335E+01  0.27015045239E+01 -0.48902058646E+00  0.31773353570E+02
  0.47021437301E+01 -0.11791736926E-01  0.15619340568E+01  0.96210732431E-01 -0.42549915238E-01 -0.75189132535E-03 -0.10732799447E+01 -0.17901193600E+01  0.28633993048E+01 -0.56921406888E+00  0.32933905878E+02
  0.53943744250E+01 -0.17573471521E-01  0.15719963102E+01  0.89463009766E-01 -0.49332750893E-01 -0.81641053205E-03 -0.13686546696E+01 -0.16518680677E+01  0.30205227373E+01 -0.67408176585E+00  0.34423414823E+02
  0.61333512680E+01 -0.25165348719E-01  0.15841307667E+01  0.81082234929E-01 -0.56082197392E-01 -0.86547369829E-03 -0.16797208920E+01 -0.14918156280E+01  0.31715365199E+01 -0.80718333433E+00  0.36277994861E+02
  0.69188764171E+01 -0.34807362257E-01  0.15983173018E+01  0.72546579905E-01 -0.62653607695E-01 -0.89388763180E-03 -0.19993506692E+01 -0.13129050615E+01  0.33122557307E+01 -0.97152939588E+00  0.38525186248E+02
  0.77507395682E+01 -0.46703671556E-01  0.16144612969E+01  0.65464089719E-01 -0.68890634563E-01 -0.89778373630E-03 -0.23204741444E+01 -0.11162064942E+01  0.34366806385E+01 -0.11691921121E+01  0.41178582187E+02
  0.86287180115E+01 -0.61013167631E-01  0.16323937818E+01  0.61364446404E-01 -0.74624819613E-01 -0.87526827443E-03 -0.26363405172E+01 -0.90204493807E+00  0.35383854553E+01 -0.14008807102E+01  0.44231860684E+02
  0.95525766909E+01 -0.77841047273E-01  0.16518746456E+01  0.61509947689E-01 -0.79682843129E-01 -0.82693541557E-03 -0.29408175297E+01 -0.67109544401E+00  0.36119129737E+01 -0.16655511247E+01  0.47653765672E+02
  0.10522068267E+02 -0.97231206316E-01  0.16725995299E+01  0.66762121832E-01 -0.83900868169E-01 -0.75658279746E-03 -0.32287202279E+01 -0.42515182051E+00  0.36538720484E+01 -0.19601478974E+01  0.51386232937E+02
  0.11536933184E+02 -0.11915992046E+00  0.16942108394E+01  0.77522545940E-01 -0.87142864271E-01 -0.67211881007E-03 -0.34961029895E+01 -0.16743070372E+00  0.36635336932E+01 -0.22795542210E+01  0.55346487737E+02
  0.12596899737E+02 -0.14353184469E+00  0.17163126769E+01  0.93747113666E-01 -0.89318420740E-01 -0.58468593785E-03 -0.37404288460E+01  0.97568688118E-01  0.36428601579E+01 -0.26167736462E+01  0.59431776003E+02
  0.13701684148E+02 -0.17017956041E+00  0.17384890095E+01  0.11501954272E+00 -0.90395727415E-01 -0.50500621201E-03 -0.39605462871E+01  0.36450339354E+00  0.35960428936E+01 -0.29633574116E+01  0.63525960151E+02
  0.14850990639E+02 -0.19886755246E+00  0.17603238918E+01  0.14065894336E+00 -0.90406854242E-01 -0.43929394994E-03 -0.41564563677E+01  0.62772690543E+00  0.35287294622E+01 -0.33100969165E+01  0.67509317177E+02
  0.16044511514E+02 -0.22930055392E+00  0.17814212207E+01  0.16983216296E+00 -0.89444669451E-01 -0.38657207984E-03 -0.43289435398E+01  0.88179102228E+00  0.34471525176E+01 -0.36478980229E+01  0.71271461488E+02
  0.17281927238E+02 -0.26113531691E+00  0.18014207538E+01  0.20164885751E+00 -0.87652715269E-01 -0.33622983446E-03 -0.44791853892E+01  0.11218353829E+01  0.33573500064E+01 -0.39685986901E+01  0.74723005582E+02
  0.18562906524E+02 -0.29399445766E+00  0.18200080255E+01  0.23523177400E+00 -0.85210413843E-01 -0.27057163609E-03 -0.46084127899E+01  0.13438204538E+01  0.32645923361E+01 -0.42654534261E+01  0.77799221429E+02
  0.19887106424E+02 -0.32748099695E+00  0.18369182727E+01  0.26976781975E+00 -0.82316273047E-01 -0.17666471428E-03 -0.47176595876E+01  0.15446160739E+01  0.31730435137E+01 -0.45332491142E+01  0.80455683733E+02
  0.21254172417E+02 -0.36119247397E+00  0.18519375163E+01  0.30454400608E+00 -0.79171404085E-01 -0.56008673696E-04 -0.48076736171E+01  0.17220540987E+01  0.30856195184E+01 -0.47683055008E+01  0.82664090280E+02
  0.22663738507E+02 -0.39473393404E+00  0.18649031928E+01  0.33895571001E+00 -0.75964706430E-01  0.77543149318E-04 -0.48789488688E+01  0.18749419319E+01  0.30040069368E+01 -0.49684776300E+01  0.84410515220E+02
  0.24115427319E+02 -0.42772927029E+00  0.18757020884E+01  0.37248661721E+00 -0.72861269368E-01  0.20448462306E-03 -0.49317551951E+01  0.20029620913E+01  0.29287931039E+01 -0.51330258452E+01  0.85693012568E+02
  0.25608850200E+02 -0.45983042064E+00  0.18842633055E+01  0.40468396421E+00 -0.69995877167E-01  0.30601778494E-03 -0.49661149153E+01  0.21064053976E+01  0.28597095178E+01 -0.52622480683E+01  0.86517206578E+02
  0.27143607325E+02 -0.49072345238E+00  0.18905501803E+01  0.43514272791E+00 -0.67472564149E-01  0.37426274735E-03 -0.49817759583E+01  0.21858367154E+01  0.27959392429E+01 -0.53570929979E+01  0.86890805928E+02
  0.28719287803E+02 -0.52013086379E+00  0.18945562216E+01  0.46349589015E+00 -0.65368280935E-01  0.41966240605E-03 -0.49783260819E+01  0.22419757796E+01  0.27363503022E+01 -0.54192243542E+01  0.86828676049E+02
  0.30335469786E+02 -0.54781180616E+00  0.18963038795E+01  0.48943265004E+00 -0.63735971338E-01  0.46140106374E-03 -0.49555783954E+01  0.22758808768E+01  0.26796975187E+01 -0.54512773771E+01  0.86363593522E+02
  0.31991720582E+02 -0.57356371553E+00  0.18958454363E+01  0.51273624521E+00 -0.62604159207E-01  0.51264205009E-03 -0.49138633921E+01  0.22890865819E+01  0.26247768102E+01 -0.54568577986E+01  0.85548681552E+02
  0.33687596774E+02 -0.59722530432E+00  0.18932609726E+01  0.53327360828E+00 -0.61974187852E-01  0.58056494209E-03 -0.48538787518E+01  0.22836012132E+01  0.25702775386E+01 -0.54400032479E+01  0.84444014642E+02
  0.35422644333E+02 -0.61867824629E+00  0.18886484308E+01  0.55097010257E+00 -0.61818788987E-01  0.65850422468E-03 -0.47766305101E+01  0.22618379602E+01  0.25147925499E+01 -0.54042304681E+01  0.83093344670E+02
  0.37196398748E+02 -0.63784736429E+00  0.18821147247E+01  0.56581699870E+00 -0.62085336883E-01  0.70504560657E-03 -0.46835800883E+01  0.22263985525E+01  0.24571815358E+01 -0.53523406287E+01  0.81525646086E+02
  0.39008385139E+02 -0.65469897267E+00  0.18737707255E+01  0.57785407832E+00 -0.62703959633E-01  0.66226849166E-03 -0.45764055762E+01  0.21796861129E+01  0.23967194632E+01 -0.52863986326E+01  0.79759276974E+02
  0.40858118395E+02 -0.66923561115E+00  0.18637264542E+01  0.58713076593E+00 -0.63597422026E-01  0.49035910551E-03 -0.44566978634E+01  0.21237286082E+01  0.23329692553E+01 -0.52076262772E+01  0.77803290889E+02
  0.42745103297E+02 -0.68148963063E+00  0.18520901814E+01  0.59371237740E+00 -0.64685812125E-01  0.18226461546E-03 -0.43263874854E+01  0.20605543831E+01  0.22658331023E+01 -0.51170751029E+01  0.75670765778E+02
  0.44668834654E+02 -0.69151964986E+00  0.18389724672E+01  0.59770091312E+00 -0.65886418103E-01 -0.22985775126E-03 -0.41879721445E+01  0.19922820841E+01  0.21956900604E+01 -0.50161212280E+01  0.73386156763E+02
  0.46628797436E+02 -0.69940854062E+00  0.18244897255E+01  0.59922149793E+00 -0.67116936738E-01 -0.68336706022E-03 -0.40439578425E+01  0.19207873869E+01  0.21231704556E+01 -0.49060452333E+01  0.70965726019E+02
  0.48624466914E+02 -0.70526089443E+00  0.18087643376E+01  0.59844087989E+00 -0.68305251985E-01 -0.11268951572E-02 -0.38963704009E+01  0.18472078883E+01  0.20491625126E+01 -0.47878358919E+01  0.68409379559E+02
  0.50655308800E+02 -0.70919801826E+00  0.17919319028E+01  0.59558268965E+00 -0.69400068239E-01 -0.15498621306E-02 -0.37468270620E+01  0.17720813005E+01  0.19747457615E+01 -0.46638488276E+01  0.65746397993E+02
  0.52720779386E+02 -0.71135023598E+00  0.17741445426E+01  0.59088848612E+00 -0.70369130486E-01 -0.19499380756E-02 -0.35968683709E+01  0.16961072858E+01  0.19007610851E+01 -0.45390416252E+01  0.63077571203E+02
  0.54820325698E+02 -0.71185159066E+00  0.17555471928E+01  0.58457675734E+00 -0.71185020419E-01 -0.22974456067E-02 -0.34480460411E+01  0.16204840850E+01  0.18275619561E+01 -0.44181036898E+01  0.60509172075E+02
  0.56953385636E+02 -0.71083662731E+00  0.17362377182E+01  0.57681725658E+00 -0.71818231063E-01 -0.25313013362E-02 -0.33014098495E+01  0.15461114918E+01  0.17552983576E+01 -0.43013824790E+01  0.58046800022E+02
  0.59119388128E+02 -0.70843723978E+00  0.17162615591E+01  0.56777084949E+00 -0.72247827013E-01 -0.25940662929E-02 -0.31574609777E+01  0.14731884036E+01  0.16842725741E+01 -0.41859579552E+01  0.55630934212E+02
  0.61317753282E+02 -0.70478348186E+00  0.16956517476E+01  0.55765818296E+00 -0.72472994386E-01 -0.24958965225E-02 -0.30165075049E+01  0.14016117482E+01  0.16148957567E+01 -0.40693123828E+01  0.53218606942E+02
  0.63547892544E+02 -0.70000486473E+00  0.16744594106E+01  0.54673514566E+00 -0.72508741156E-01 -0.22937358450E-02 -0.28790286797E+01  0.13316858494E+01  0.15473428304E+01 -0.39505929009E+01  0.50795931078E+02
  0.65809208851E+02 -0.69422841756E+00  0.16527578420E+01  0.53522181232E+00 -0.72371609114E-01 -0.20372421766E-02 -0.27454717622E+01  0.12641380813E+01  0.14813336809E+01 -0.38305301357E+01  0.48373078514E+02
  0.68101096793E+02 -0.68757526714E+00  0.16306326965E+01  0.52326257495E+00 -0.72069052479E-01 -0.17693982557E-02 -0.26162178093E+01  0.11997656249E+01  0.14164521844E+01 -0.37107719506E+01  0.45973363149E+02
  0.70422942778E+02 -0.68015631960E+00  0.16081611278E+01  0.51093446040E+00 -0.71598508546E-01 -0.15296226879E-02 -0.24917830462E+01  0.11390222233E+01  0.13527608229E+01 -0.35931712155E+01  0.43646004569E+02
  0.72774125191E+02 -0.67206846801E+00  0.15853916102E+01  0.49824554515E+00 -0.70955645152E-01 -0.13387720819E-02 -0.23724277823E+01  0.10816849026E+01  0.12907428797E+01 -0.34787238529E+01  0.41435308155E+02
  0.75154014564E+02 -0.66339255580E+00  0.15623402582E+01  0.48517387499E+00 -0.70139293566E-01 -0.11987443670E-02 -0.22581259691E+01  0.10273345672E+01  0.12307914020E+01 -0.33667634432E+01  0.39331086894E+02
  0.77561973742E+02 -0.65419798282E+00  0.15390133056E+01  0.47173595835E+00 -0.69149753999E-01 -0.10981977076E-02 -0.21487958054E+01  0.97584079708E+00  0.11729550084E+01 -0.32562724186E+01  0.37298102220E+02
  0.79997358056E+02 -0.64455068393E+00  0.15154213092E+01  0.45799539417E+00 -0.67986553448E-01 -0.10129692980E-02 -0.20442924649E+01  0.92719223591E+00  0.11171002290E+01 -0.31468769240E+01  0.35313862198E+02
  0.82459515497E+02 -0.63451622773E+00  0.14915712079E+01  0.44402985835E+00 -0.66651237547E-01 -0.91863993027E-03 -0.19442773263E+01  0.88119775123E+00  0.10630795751E+01 -0.30381383956E+01  0.33373432344E+02
  0.84947786883E+02 -0.62415847579E+00  0.14674606811E+01  0.42990860281E+00 -0.65151282114E-01 -0.81000955258E-03 -0.18483144171E+01  0.83758225911E+00  0.10107321580E+01 -0.29294099461E+01  0.31484857329E+02
  0.87461506045E+02 -0.61353996943E+00  0.14430970944E+01  0.41568195600E+00 -0.63503539717E-01 -0.70326180093E-03 -0.17559723895E+01  0.79602815276E+00  0.95994423676E+00 -0.28210820865E+01  0.29668064196E+02
  0.90000000000E+02 -0.60272638745E+00  0.14185150104E+01  0.40136925729E+00 -0.61731844622E-01 -0.61771125654E-03 -0.16668786249E+01  0.75622512361E+00  0.91065350127E+00 -0.27141283732E+01  0.27920360780E+02
  0.92562589131E+02 -0.59178425068E+00  0.13937567583E+01  0.38695374824E+00 -0.59857363877E-01 -0.56545643058E-03 -0.15807951416E+01  0.71786263512E+00  0.86293250651E+00 -0.26088518656E+01  0.26225906839E+02
  0.95148587371E+02 -0.58077348317E+00  0.13688512535E+01  0.37242414217E+00 -0.57892520786E-01 -0.54988991881E-03 -0.14977413435E+01  0.68081658889E+00  0.81692475463E+00 -0.25052595990E+01  0.24587560314E+02
  0.97757302387E+02 -0.56974739329E+00  0.13438145240E+01  0.35779275050E+00 -0.55844795598E-01 -0.56241299066E-03 -0.14179562042E+01  0.64520445870E+00  0.77275174552E+00 -0.24034973429E+01  0.23020901650E+02
  0.10038803576E+03 -0.55875789292E+00  0.13186624753E+01  0.34307948048E+00 -0.53724713873E-01 -0.60523864898E-03 -0.13414260030E+01  0.61107489449E+00  0.73035110852E+00 -0.23037640038E+01  0.21535454549E+02
  0.10304008318E+03 -0.54785628042E+00  0.12934271831E+01  0.32829490280E+00 -0.51545919259E-01 -0.70470873468E-03 -0.12678338663E+01  0.57838849417E+00  0.68944537212E+00 -0.22066440866E+01  0.20137918716E+02
  0.10571273464E+03 -0.53708908573E+00  0.12681475489E+01  0.31343817149E+00 -0.49317267607E-01 -0.86967471279E-03 -0.11969351970E+01  0.54712570860E+00  0.64980948843E+00 -0.21128703319E+01  0.18835067531E+02
  0.10840527459E+03 -0.52649643123E+00  0.12428478512E+01  0.29851572078E+00 -0.47042333051E-01 -0.10731354787E-02 -0.11286284196E+01  0.51724500334E+00  0.61138341625E+00 -0.20223268213E+01  0.17618334165E+02
  0.11111698217E+03 -0.51611276070E+00  0.12175355684E+01  0.28353958733E+00 -0.44725515268E-01 -0.12730765000E-02 -0.10626688640E+01  0.48847438594E+00  0.57419447810E+00 -0.19341184169E+01  0.16468947790E+02
  0.11384713141E+03 -0.50596630238E+00  0.11922113925E+01  0.26850492125E+00 -0.42375797660E-01 -0.14400572093E-02 -0.99880954182E+00  0.46056742084E+00  0.53824212098E+00 -0.18473064843E+01  0.15369951604E+02
  0.11659499137E+03 -0.49607934325E+00  0.11668751051E+01  0.25339411836E+00 -0.40004280220E-01 -0.15520996575E-02 -0.93700059833E+00  0.43352764299E+00  0.50347295533E+00 -0.17611328663E+01  0.14308605297E+02
  0.11935982639E+03 -0.48647121456E+00  0.11415430083E+01  0.23821723790E+00 -0.37624073076E-01 -0.15900810624E-02 -0.87728188988E+00  0.40729291010E+00  0.46998897978E+00 -0.16755862422E+01  0.13288730052E+02
  0.12214089625E+03 -0.47716316611E+00  0.11162658904E+01  0.22302088165E+00 -0.35250489738E-01 -0.15567633804E-02 -0.81977019432E+00  0.38181758276E+00  0.43795261156E+00 -0.15916554090E+01  0.12331041938E+02
  0.12493745638E+03 -0.46817899408E+00  0.10911095867E+01  0.20785755879E+00 -0.32894385510E-01 -0.14793349491E-02 -0.76465385737E+00  0.35714451988E+00  0.40750933748E+00 -0.15100877170E+01  0.11445876384E+02
  0.12774875809E+03 -0.45954201688E+00  0.10661300609E+01  0.19276599351E+00 -0.30562582445E-01 -0.13885811699E-02 -0.71203309172E+00  0.33323469492E+00  0.37879839681E+00 -0.14303511520E+01  0.10615891268E+02
  0.13057404873E+03 -0.45127503852E+00  0.10413905870E+01  0.17778725636E+00 -0.28262782102E-01 -0.12932911399E-02 -0.66195321040E+00  0.31011910445E+00  0.35183410596E+00 -0.13516012842E+01  0.98167087190E+01
  0.13341257188E+03 -0.44340011523E+00  0.10169761973E+01  0.16296059891E+00 -0.26003268830E-01 -0.11830302407E-02 -0.61436863470E+00  0.28782857027E+00  0.32654006443E+00 -0.12738655560E+01  0.90456602657E+01
  0.13626356762E+03 -0.43593665565E+00  0.99298315679E+00  0.14833455172E+00 -0.23794108422E-01 -0.10521889403E-02 -0.56909500891E+00  0.26626301190E+00  0.30283199701E+00 -0.11977707504E+01  0.83157890773E+01
  0.13912627265E+03 -0.42890168761E+00  0.96951532437E+00  0.13399351858E+00 -0.21647191224E-01 -0.91271426418E-03 -0.52612291647E+00  0.24551691595E+00  0.28060600052E+00 -0.11238307978E+01  0.76347609614E+01
  0.14199992058E+03 -0.42231036686E+00  0.94668824478E+00  0.12004280889E+00 -0.19573438133E-01 -0.78556585803E-03 -0.48554050129E+00  0.22578802053E+00  0.25975248075E+00 -0.10523503065E+01  0.70002773251E+01
  0.14488374204E+03 -0.41617371549E+00  0.92462692540E+00  0.10657721514E+00 -0.17580780323E-01 -0.68900384979E-03 -0.44737132421E+00  0.20712897785E+00  0.24024234637E+00 -0.98361580579E+00  0.64069201422E+01
  0.14777696497E+03 -0.41049707403E+00  0.90345832500E+00  0.93686452577E-01 -0.15673353231E-01 -0.64029158660E-03 -0.41165427065E+00  0.18948712200E+00  0.22216714865E+00 -0.91793384052E+00  0.58528193931E+01
  0.15067881479E+03 -0.40528357186E+00  0.88331637686E+00  0.81481378505E-01 -0.13853536692E-01 -0.65434668641E-03 -0.37853809253E+00  0.17290421264E+00  0.20563387989E+00 -0.85561402164E+00  0.53377137006E+01
  0.15358851460E+03 -0.40053972078E+00  0.86435825480E+00  0.70085655150E-01 -0.12123470400E-01 -0.73492369601E-03 -0.34816865590E+00  0.15751300332E+00  0.19065565259E+00 -0.79719508948E+00  0.48649637950E+01
  0.15650528540E+03 -0.39627628529E+00  0.84676986195E+00  0.59604638507E-01 -0.10484313355E-01 -0.86932801364E-03 -0.32061612110E+00  0.14339533265E+00  0.17722078846E+00 -0.74352218139E+00  0.44417867438E+01
  0.15942834631E+03 -0.39250402272E+00  0.83074842172E+00  0.50118015725E-01 -0.89353527252E-02 -0.10283210827E-02 -0.29592696408E+00  0.13058494200E+00  0.16534202209E+00 -0.69544363739E+00  0.40736185367E+01
  0.16235691474E+03 -0.38923015529E+00  0.81647827890E+00  0.41695996739E-01 -0.74735278665E-02 -0.11781277570E-02 -0.27420135450E+00  0.11912214982E+00  0.15507920468E+00 -0.65356052493E+00  0.37629904437E+01
  0.16529020666E+03 -0.38645819210E+00  0.80411468361E+00  0.34408426018E-01 -0.60931897514E-02 -0.12964004796E-02 -0.25558438823E+00  0.10909043205E+00  0.14649395618E+00 -0.61803371608E+00  0.35080458944E+01
  0.16822743674E+03 -0.38418969899E+00  0.79378864110E+00  0.28325634610E-01 -0.47856378342E-02 -0.13726247441E-02 -0.24023887461E+00  0.10065779474E+00  0.13958107987E+00 -0.58871424714E+00  0.33017294767E+01
  0.17116781862E+03 -0.38242584288E+00  0.78561720543E+00  0.23515235918E-01 -0.35384417622E-02 -0.14073957399E-02 -0.22830904579E+00  0.94034845422E-01  0.13427420037E+00 -0.56548338169E+00  0.31368954001E+01
  0.17411056509E+03 -0.38116705386E+00  0.77970110234E+00  0.20034131110E-01 -0.23358977826E-02 -0.14149681590E-02 -0.21984095231E+00  0.89322399069E-01  0.13051855324E+00 -0.54850067915E+00  0.30137038845E+01
  0.17705488831E+03 -0.38041262515E+00  0.77611902918E+00  0.17926976198E-01 -0.11614613738E-02 -0.14130000785E-02 -0.21478989161E+00  0.86515396609E-01  0.12827449500E+00 -0.53813608069E+00  0.29374480664E+01
  0.18000000000E+03 -0.38016136585E+00  0.77491985698E+00  0.17221682267E-01  0.00000000000E+00 -0.14115786502E-02 -0.21311239229E+00  0.85586714111E-01  0.12752567818E+00 -0.53466159920E+00  0.29118659622E+01